

148
174
195
206
208
201
187
169
147
128
112
102
98
99
106
115
125
134
141
144
143
141
136
133
130
131
135
142
152
162
171
175
175
170
157
141
120
101
82
70
66
70
85
106
135
164
194
215
230
232
222
202
171
137
99
68
43
30
31
44
71
103
143
179
213
234
245
242
225
199
164
129
93
66
48
42
48
63
89
117
148
174
195
206
208
201
187
169
147
128
112
102
98
99
106
115
125
134
141
144
143
141
136
133
130
131
135
142
152
162
171
175
175
170
157
141
120
101
82
70
66
70
85
106
135
164
194
215
230
232
222
202
171
137
99
68
43
30
31
44
71
103
143
179
213
234
245
242
225
199
164
129
93
66
48
42
48
63
89
117
148
174
195
206
208
201
187
169
147
128
112
102
98
99
106
115
125
134
141
144
143
141
136
133
130
131
135
142
152
162
171
175
175
170
157
141
120
101
82
70
66
70
85
106
135
164
194
215
230
232
222
202
171
137
99
68
43
30
31
44
71
103
143
179
213
234
245
242
225
199
164
129
93
66
48
42
48
63
89
117
148
174
195
206
208
201
187
169
147
128
112
102
98
99
106
115
125
134
141
144
143
141
136
133
130
131
135
142
152
162
171
175
175
170
157
141
120
101
82
70
66
70
85
106
135
164
194
215
230
232
222
202
171
137
99
68
43
30
31
44
71
103
143
179
213
234
245
242
225
199
164
129
93
66
48
42
48
63
89
117
148
174
195
206
208
201
187
169
147
128
112
102
98
99
106
115
125
134
141
144
143
141
136
133
130
131
135
142
152
162
171
175
175
170
157
141
120
101
82
70
66
70
85
106
135
164
194
215
230
232
222
202
171
137
99
68
43
30
31
44
71
103
143
179
213
234
245
242
225
199
164
129
93
66
48
42
48
63
89
117
148
174
195
206
208
201
187
169
147
128
112
102
98
99
106
115
125
134
141
144
143
141
136
133
130
131
135
142
152
162
171
175
175
170
157
141
120
101
82
70
66
70
85
106
135
164
194
215
230
232
222
202
171
137
99
68
43
30
31
44
71
103
143
179
213
234
245
242
225
199
164
129
93
66
48
42
48
63
89
117
148
174
195
206
208
201
187
169
147
128
112
102
98
99
106
115
125
134
141
144
143
141
136
133
130
131
135
142
152
162
171
175
175
170
157
141
120
101
82
70
66
70
85
106
135
164
194
215
230
232
222
202
171
137
99
68
43
30
31
44
71
103
143
179
213
234
245
242
225
199
164
129
93
66
48
42
48
63
89
117
148
174
195
206
208
201
187
169
147
128
112
102
98
99
106
115
125
134
141
144
143
141
136
133
130
131
135
142
152
162
171
175
175
170
157
141
120
101
82
70
66
70
85
106
135
164
194
215
230
232
222
202
171
137
99
68
43
30
31
44
71
103
143
179
213
234
245
242
225
199
164
129
93
66
48
42
48
63
89
117
148
174
195
206
208
201
187
169
147
128
112
102
98
99
106
115
125
134
141
144
143
141
136
133
130
131
135
142
152
162
171
175
175
170
157
141
120
101
82
70
66
70
85
106
135
164
194
215
230
232
222
202
171
137
99
68
43
30
31
44
71
103
143
179
213
234
245
242
225
199
164
129
93
66
48
42
48
63
89
117
148
174
195
206
208
201
187
169
147
128
112
102
98
99
106
115
125
134
141
144
143
141
136
133
130
131
135
142
152
162
171
175
175
170
157
141
120
101
82
70
66
70
85
106
135
164
194
215
230
232
222
202
171
137
99
68
43
30
31
44
71
103
143
179
213
234
245
242
225
199
164
129
93
66
48
42
48
63
89
117
148
174
195
206
208
201
187
169
147
128
112
102
98
99
106
115
125
134
141
144
143
141
136
133
130
131
135
142
152
162
171
175
175
170
157
141
120
101
82
70
66
70
85
106
135
164
194
215
230
232
222
202
171
137
99
68
43
30
31
44
71
103
143
179
213
234
245
242
225
199
164
129
93
66
48
42
48
63
89
117
148
174
195
206
208
201
187
169
147
128
112
102
98
99
106
115
125
134
141
144
143
141
136
133
130
131
135
142
152
162
171
175
175
170
157
141
120
101
82
70
66
70
85
106
135
164
194
215
230
232
222
202
171
137
99
68
43
30
31
44
71
103
143
179
213
234
245
242
225
199
164
129
93
66
48
42
48
63
89
117
148
174
195
206
208
201
187
169
147
128
112
102
98
99
106
115
125
134
141
144
143
141
136
133
130
131
135
142
152
162
171
175
175
170
157
141
120
101
82
70
66
70
85
106
135
164
194
215
230
232
222
202
171
137
99
68
43
30
31
44
71
103
143
179
213
234
245
242
225
199
164
129
93
66
48
42
48
63
89
117
148
174
195
206
208
201
187
169
147
128
112
102
98
99
106
115
125
134
141
144
143
141
136
133
130
131
135
142
152
162
171
175
175
170
157
141
120
101
82
70
66
70
85
106
135
164
194
215
230
232
222
202
171
137
99
68
43
30
31
44
71
103
143
179
213
234
245
242
225
199
164
129
93
66
48
42
48
63
89
117
148
174
195
206
208
201
187
169
147
128
112
102
98
99
106
115
125
134
141
144
143
141
136
133
130
131
135
142
152
162
171
175
175
170
157
141
120
101
82
70
66
70
85
106
135
164
194
215
230
232
222
202
171
137
99
68
43
30
31
44
71
103
143
179
213
234
245
242
225
199
164
129
93
66
48
42
48
63
89
117
148
174
195
206
208
201
187
169
147
128
112
102
98
99
106
115
125
134
141
144
143
141
136
133
130
131
135
142
152
162
171
175
175
170
157
141
120
101
82
70
66
70
85
106
135
164
194
215
230
232
222
202
171
137
99
68
43
30
31
44
71
103
143
179
213
234
245
242
225
199
164
129
93
66
48
42
48
63
89
117
148
174
195
206
208
201
187
169
147
128
112
102
98
99
106
115
125
134
141
144
143
141
136
133
130
131
135
142
152
162
171
175
175
170
157
141
120
101
82
70
66
70
85
106
135
164
194
215
230
232
222
202
171
137
99
68
43
30
31
44
71
103
143
179
213
234
245
242
225
199
164
129
93
66
48
42
48
63
89
117
148
174
195
206
208
201
187
169
147
128
112
102
98
99
106
115
125
134
141
144
143
141
136
133
130
131
135
142
152
162
171
175
175
170
157
141
120
101
82
70
66
70
85
106
135
164
194
215
230
232
222
202
171
137
99
68
43
30
31
44
71
103
143
179
213
234
245
242
225
199
164
129
93
66
48
42
48
63
89
117
148
174
195
206
208
201
187
169
147
128
112
102
98
99
106
115
125
134
141
144
143
141
136
133
130
131
135
142
152
162
171
175
175
170
157
141
120
101
82
70
66
70
85
106
135
164
194
215
230
232
222
202
171
137
99
68
43
30
31
44
71
103
143
179
213
234
245
242
225
199
164
129
93
66
48
42
48
63
89
117
148
174
195
206
208
201
187
169
147
128
112
102
98
99
106
115
125
134
141
144
143
141
136
133
130
131
135
142
152
162
171
175
175
170
157
141
120
101
82
70
66
70
85
106
135
164
194
215
230
232
222
202
171
137
99
68
43
30
31
44
71
103
143
179
213
234
245
242
225
199
164
129
93
66
48
42
48
63
89
117
148
174
195
206
208
201
187
169
147
128
112
102
98
99
106
115
125
134
141
144
143
141
136
133
130
131
135
142
152
162
171
175
175
170
157
141
120
101
82
70
66
70
85
106
135
164
194
215
230
232
222
202
171
137
99
68
43
30
31
44
71
103
143
179
213
234
245
242
225
199
164
129
93
66
48
42
48
63
89
117
148
174
195
206
208
201
187
169
147
128
112
102
98
99
106
115
125
134
141
144
143
141
136
133
130
131
135
142
152
162
171
175
175
170
157
141
120
101
82
70
66
70
85
106
135
164
194
215
230
232
222
202
171
137
99
68
43
30
31
44
71
103
143
179
213
234
245
242
225
199
164
129
93
66
48
42
48
63
89
117
148
174
195
206
208
201
187
169
147
128
112
102
98
99
106
115
125
134
141
144
143
141
136
133
130
131
135
142
152
162
171
175
175
170
157
141
120
101
82
70
66
70
85
106
135
164
194
215
230
232
222
202
171
137
99
68
43
30
31
44
71
103
143
179
213
234
245
242
225
199
164
129
93
66
48
42
48
63
89
117
148
174
195
206
208
201
187
169
147
128
112
102
98
99
106
115
125
134
141
144
143
141
136
133
130
131
135
142
152
162
171
175
175
170
157
141
120
101
82
70
66
70
85
106
135
164
194
215
230
232
222
202
171
137
99
68
43
30
31
44
71
103
143
179
213
234
245
242
225
199
164
129
93
66
48
42
48
63
89
117
148
174
195
206
208
201
187
169
147
128
112
102
98
99
106
115
125
134
141
144
143
141
136
133
130
131
135
142
152
162
171
175
175
170
157
141
120
101
82
70
66
70
85
106
135
164
194
215
230
232
222
202
171
137
99
68
43
30
31
44
71
103
143
179
213
234
245
242
225
199
164
129
93
66
48
42
48
63
89
117
148
174
195
206
208
201
187
169
147
128
112
102
98
99
106
115
125
134
141
144
143
141
136
133
130
131
135
142
152
162
171
175
175
170
157
141
120
101
82
70
66
70
85
106
135
164
194
215


> Done!  Close Output file.

HW11> 